add temp to sched
{"m2m:rqp":{"op":1,"to":"/[0]/MNAE/1/Schedule/List/Heating","fr":"/S","rqi":"svkgv","ty":4,"pc":{"m2m:cin":{"con":"{ \"data\" : [\"

$NULL|0|0700,210;0900,180;1700,210;2300,180;;;0700,210;0900,180;1700,210;2300,180;;;0700,210;0900,180;1700,210;2300,180;;;0700,210;0900,180;1700,210;2300,180;;;0700,210;0900,180;1700,210;2300,180;;;0800,210;2300,180;;;;;0800,210;2300,180;;;;\",\"
$NULL|0|0700,210;0900,180;1200,210;1400,180;1700,210;2300,180;0700,210;0900,180;1200,210;1400,180;1700,210;2300,180;0700,210;0900,180;1200,210;1400,180;1700,210;2300,180;0700,210;0900,180;1200,210;1400,180;1700,210;2300,180;0700,210;0900,180;1200,210;1400,180;1700,210;2300,180;0800,210;2300,180;;;;;0800,210;2300,180;;;;\",\"
$NULL|0|0800,210;2300,180;;;;;0800,210;2300,180;;;;;0800,210;2300,180;;;;;0800,210;2300,180;;;;;0800,210;2300,180;;;;;0800,210;2300,180;;;;;0800,210;2300,180;;;;\",\"
$NULL|1|1700,200;2200,180;2250,120;;;;1700,200;2200,180;;;;;1700,200;2200,180;;;;;1700,200;2200,180;;;;;1700,200;2200,180;;;;;1000,200;1300,180;1700,200;2200,180;;;1000,200;1300,180;1700,200;2200,180;;\",\"
$NULL|1|;;;;;;;;;;;;;;;;;;;;;;;;;;;;;;;;;;;;;;;;;\",\"
$NULL|1|;;;;;;;;;;;;;;;;;;;;;;;;;;;;;;;;;;;;;;;;;
\"]}","cnf":"text/plain:0"}}}}

remove temp in sched
{"m2m:rqp":{"op":1,"to":"/[0]/MNAE/1/Schedule/List/Heating","fr":"/S","rqi":"hhzqn","ty":4,"pc":{"m2m:cin":{"con":"{ \"data\" : [\
"$NULL|0|0700,210;0900,180;1700,210;2300,180;;;0700,210;0900,180;1700,210;2300,180;;;0700,210;0900,180;1700,210;2300,180;;;0700,210;0900,180;1700,210;2300,180;;;0700,210;0900,180;1700,210;2300,180;;;0800,210;2300,180;;;;;0800,210;2300,180;;;;\",\
"$NULL|0|0700,210;0900,180;1200,210;1400,180;1700,210;2300,180;0700,210;0900,180;1200,210;1400,180;1700,210;2300,180;0700,210;0900,180;1200,210;1400,180;1700,210;2300,180;0700,210;0900,180;1200,210;1400,180;1700,210;2300,180;0700,210;0900,180;1200,210;1400,180;1700,210;2300,180;0800,210;2300,180;;;;;0800,210;2300,180;;;;\",\
"$NULL|0|0800,210;2300,180;;;;;0800,210;2300,180;;;;;0800,210;2300,180;;;;;0800,210;2300,180;;;;;0800,210;2300,180;;;;;0800,210;2300,180;;;;;0800,210;2300,180;;;;\",\
"$NULL|1|1700,200;2250,120;;;;;1700,200;2200,180;;;;;1700,200;2200,180;;;;;1700,200;2200,180;;;;;1700,200;2200,180;;;;;1000,200;1300,180;1700,200;2200,180;;;1000,200;1300,180;1700,200;2200,180;;\",\
"$NULL|1|;;;;;;;;;;;;;;;;;;;;;;;;;;;;;;;;;;;;;;;;;\",\
"$NULL|1|;;;;;;;;;;;;;;;;;;;;;;;;;;;;;;;;;;;;;;;;;
  \"]}","cnf":"text/plain:0"}}}}

new schedule
ID 4
{"m2m:rqp":{"op":1,"to":"/[0]/MNAE/1/Schedule/Default","fr":"/S","rqi":"ijzga","ty":4,"pc":{"m2m:cin":{"con":"{\"data\":[{\"path\":\"/mn-cse-5e639e61465efa001c09edc0/MNAE/1/schedule/List/Heating/la\",\"id\":4}]}","cnf":"text/plain:0"}}}}
ID 3
{"m2m:rqp":{"op":1,"to":"/[0]/MNAE/1/Schedule/Default","fr":"/S","rqi":"cgzos","ty":4,"pc":{"m2m:cin":{"con":"{\"data\":[{\"path\":\"/mn-cse-5e639e61465efa001c09edc0/MNAE/1/schedule/List/Heating/la\",\"id\":3}]}","cnf":"text/plain:0"}}}}


# send this to the controller for a ID ?
{"m2m:rqp":{"op":2,"to":"/[0]","fr":"/S","rqi":"txdkl"}
# Response:
{"m2m:rsp":{"rsc":2000,"rqi":"txdkl","to":"/S","fr":"/[0]","pc":{"m2m:cb":{"rn":"mn-cse-5e639e61465efa001c09edc0","ri":"0000","pi":"","ty":5,"ct":"20000000T000000Z","lt":"20000000T000000Z","st":4,"csi":"mn-cse-5e639e61465efa001c09edc0"}}}}

# Send schedule:

{"m2m:rqp":{"op":1,"to":"/[0]/MNAE/1/Schedule/List/Heating","fr":"/S","rqi":"xqevz","ty":4,"pc":{"m2m:cin":{"con":"{ \"data\" : [\"$NULL|0|0700,210;0900,180;1700,210;2300,180;;;0700,210;0900,180;1700,210;2300,180;;;0700,210;0900,180;1700,210;2300,180;;;0700,210;0900,180;1700,210;2300,180;;;0700,210;0900,180;1700,210;2300,180;;;0800,210;2300,180;;;;;0800,210;2300,180;;;;\",\"$NULL|0|0700,210;0900,180;1200,210;1400,180;1700,210;2300,180;0700,210;0900,180;1200,210;1400,180;1700,210;2300,180;0700,210;0900,180;1200,210;1400,180;1700,210;2300,180;0700,210;0900,180;1200,210;1400,180;1700,210;2300,180;0700,210;0900,180;1200,210;1400,180;1700,210;2300,180;0800,210;2300,180;;;;;0800,210;2300,180;;;;\",\"$NULL|0|0800,210;2300,180;;;;;0800,210;2300,180;;;;;0800,210;2300,180;;;;;0800,210;2300,180;;;;;0800,210;2300,180;;;;;0800,210;2300,180;;;;;0800,210;2300,180;;;;\",\"$NULL|1|1700,200;2250,120;2300,120;;;;1700,200;2200,180;;;;;1700,200;2200,180;;;;;1700,200;2200,180;;;;;1700,200;2200,180;;;;;1000,200;1300,180;1700,200;2200,180;;;1000,200;1300,180;1700,200;2200,180;;\",\"$NULL|1|;;;;;;;;;;;;;;;;;;;;;;;;;;;;;;;;;;;;;;;;;\",\"$NULL|1|;;;;;;;;;;;;;;;;;;;;;;;;;;;;;;;;;;;;;;;;;\"]}","cnf":"text/plain:0"}}}}
# Respose:

{"m2m:rsp":{"rsc":2001,"rqi":"xqevz","to":"/S","fr":"/[0]/MNAE/1/Schedule/List/Heating"}}

# Delete item from schedule:

{"m2m:rqp":{"op":1,"to":"/[0]/MNAE/1/Schedule/List/Heating","fr":"/S","rqi":"sxpom","ty":4,"pc":{"m2m:cin":{"con":"{ \"data\" : [\"$NULL|0|0700,210;0900,180;1700,210;2300,180;;;0700,210;0900,180;1700,210;2300,180;;;0700,210;0900,180;1700,210;2300,180;;;0700,210;0900,180;1700,210;2300,180;;;0700,210;0900,180;1700,210;2300,180;;;0800,210;2300,180;;;;;0800,210;2300,180;;;;\",\"$NULL|0|0700,210;0900,180;1200,210;1400,180;1700,210;2300,180;0700,210;0900,180;1200,210;1400,180;1700,210;2300,180;0700,210;0900,180;1200,210;1400,180;1700,210;2300,180;0700,210;0900,180;1200,210;1400,180;1700,210;2300,180;0700,210;0900,180;1200,210;1400,180;1700,210;2300,180;0800,210;2300,180;;;;;0800,210;2300,180;;;;\",\"$NULL|0|0800,210;2300,180;;;;;0800,210;2300,180;;;;;0800,210;2300,180;;;;;0800,210;2300,180;;;;;0800,210;2300,180;;;;;0800,210;2300,180;;;;;0800,210;2300,180;;;;\",\"$NULL|1|1700,200;2250,120;;;;;1700,200;2200,180;;;;;1700,200;2200,180;;;;;1700,200;2200,180;;;;;1700,200;2200,180;;;;;1000,200;1300,180;1700,200;2200,180;;;1000,200;1300,180;1700,200;2200,180;;\",\"$NULL|1|;;;;;;;;;;;;;;;;;;;;;;;;;;;;;;;;;;;;;;;;;\",\"$NULL|1|;;;;;;;;;;;;;;;;;;;;;;;;;;;;;;;;;;;;;;;;;\"]}","cnf":"text/plain:0"}}}}

#Reponse:
{"m2m:rsp":{"rsc":2001,"rqi":"sxpom","to":"/S","fr":"/[0]/MNAE/1/Schedule/List/Heating"}}
